                     box  angry  disgust  fear  happy   sad  surprise  neutral
0     (460, 176, 82, 82)   0.09      0.0  0.12   0.23  0.20      0.02     0.34
1     (464, 179, 77, 77)   0.13      0.0  0.10   0.24  0.21      0.01     0.30
2     (468, 177, 80, 80)   0.04      0.0  0.09   0.49  0.19      0.01     0.17
3     (469, 180, 77, 77)   0.12      0.0  0.07   0.32  0.21      0.01     0.26
4     (468, 178, 80, 80)   0.11      0.0  0.08   0.35  0.16      0.01     0.29
..                   ...    ...      ...   ...    ...   ...       ...      ...
85  (401, 205, 103, 103)   0.34      0.0  0.06   0.02  0.56      0.02     0.01
86  (394, 211, 102, 102)   0.31      0.0  0.05   0.01  0.59      0.02     0.01
87  (398, 198, 105, 105)   0.21      0.0  0.05   0.03  0.70      0.01     0.01
88  (418, 188, 100, 100)   0.25      0.0  0.06   0.02  0.65      0.01     0.01
89  (430, 178, 102, 102)   0.27      0.0  0.05   0.01  0.65      0.01     0.01

[90 rows x 8 columns]